0  1
1  1
2  0
3  1
4  1
5  1
6  1
7  0
8  0
9  1
10  0
11  0
12  0
13  1
14  0
15  0
16  0
17  1
18  0
19  0
20  0
21  0
22  1
23  0
24  1
25  0
26  0
27  0
28  0
29  1
30  1
31  0
32  0
33  0
34  0
35  1
36  1
37  1
38  0
39  1
40  0
41  1
42  0
43  1
44  1
45  0
46  0
47  1
48  1
49  2
50  1
51  1
52  1
53  0
54  0
55  0
56  1
57  0
58  1
59  0
60  1
61  0
62  0
63  0
64  1
65  0
66  1
67  1
68  1
69  0
70  0
71  2
72  1
73  1
74  0
75  0
76  0
77  2
78  2
79  1
80  0
81  0
82  2
83  2
84  2
85  2
86  2
87  2
88  2
89  1
90  0
91  0
92  1
93  0
94  0
95  0
96  2
97  0
98  0
99  0
100  0
101  0
102  1
103  0
104  0
105  1
106  1
107  1
108  0
109  0
110  0
111  1
112  1
113  0
114  1
115  1
116  0
117  2
118  2
119  2
120  0
121  0
122  2
123  2
124  0
125  2
126  0
127  2
128  2
129  0
130  1
131  0
132  0
133  2
134  1
135  0
136  0
137  0
138  0
139  1
140  0
141  0
142  2
143  0
144  2
145  0
146  1
147  1
148  0
149  0
150  1
151  2
152  1
153  0
154  0
155  0
156  2
157  2
158  0
159  0
160  0
161  0
162  1
163  2
164  1
165  1
166  1
167  0
168  0
169  2
170  2
171  0
172  2
173  2
174  1
175  0
176  2
177  0
178  0
179  0
180  2
181  2
182  2
183  2
184  1
185  1
186  2
187  2
188  2
189  2
190  0
191  0
192  0
193  0
194  1
195  2
196  2
197  0
198  0
199  0
200  0
201  0
202  2
203  2
204  2
205  2
206  2
207  2
208  2
209  2
210  2
211  2
212  2
213  0
214  2
215  0
216  0
217  0
218  0
219  0
220  0
221  0
222  0
223  0
224  0
225  1
226  1
227  1
228  1
229  1
230  1
231  1
232  1
233  1
234  1
235  1
236  1
237  1
238  1
239  1
240  1
241  1
242  1
243  1
244  0
245  1
246  1
247  0
248  1
249  2
250  2
251  0
252  1
253  1
254  1
255  1
256  2
257  0
258  1
259  1
260  1
261  1
262  1
263  0
264  1
265  1
266  1
267  1
268  1
269  1
270  1
271  1
272  1
273  1
274  1
275  2
276  2
277  1
278  1
279  0
280  2
281  2
282  0
283  1
284  2
285  2
286  2
287  1
288  2
289  1
290  1
291  0
292  2
293  2
294  2
295  1
296  1
297  0
298  1
299  2
300  2
301  1
302  1
303  1
304  1
305  0
306  2
307  0
308  1
309  1
310  1
311  1
312  1
313  1
314  1
315  1
316  1
317  1
318  1
319  2
320  2
321  0
322  0
323  0
324  0
325  1
326  0
327  1
328  1
329  1
330  1
331  1
332  1
333  1
334  1
335  1
336  1
337  1
338  0
339  1
340  1
341  1
342  0
343  1
344  1
345  1
346  1
347  1
348  1
349  1
350  1
351  1
352  1
353  1
354  1
355  1
356  1
357  0
358  0
359  1
360  1
361  1
362  1
363  1
364  0
365  1
366  1
367  1
368  1
369  1
370  1
371  1
372  1
373  1
374  1
375  0
376  0
377  0
378  0
379  1
380  1
381  2
382  2
383  2
384  2
385  2
386  1
387  1
388  1
389  0
390  0
391  2
392  0
393  1
394  0
395  2
396  0
397  0
398  2
399  2
400  1
401  2
402  0
403  1
404  1
405  1
406  1
407  0
408  1
409  1
410  0
411  1
412  0
413  0
414  1
415  1
416  1
417  1
418  1
419  0
420  2
421  0
422  1
423  2
424  0
425  2
426  0
427  0
428  2
429  0
430  0
431  0
432  0
433  0
434  0
435  0
436  0
437  0
438  0
439  0
440  0
441  0
442  0
443  0
444  0
445  0
446  0
447  0
448  0
449  0
450  0
451  0
452  0
453  0
454  0
455  0
456  0
457  2
458  0
459  0
460  0
461  0
462  1
463  0
464  0
465  0
466  0
467  0
468  0
469  0
470  0
471  0
472  0
473  0
474  0
475  0
476  0
477  0
478  2
479  0
480  0
481  0
482  0
483  2
484  2
485  2
486  0
487  0
488  2
489  1
490  0
491  0
492  0
493  1
494  0
495  0
496  0
497  0
498  0
499  0
500  0
501  1
502  0
503  0
504  0
505  0
506  0
507  0
508  2
509  0
510  2
511  2
512  0
513  0
514  2
515  0
516  0
517  0
518  0
519  0
520  0
521  0
522  0
523  0
524  0
525  0
526  0
